              precision    recall  f1-score   support

           0       0.97      0.94      0.96       980
           1       0.98      0.96      0.97      1135
           2       0.94      0.95      0.94      1032
           3       0.99      0.91      0.95      1010
           4       0.94      0.92      0.93       982
           5       0.91      0.94      0.92       892
           6       0.92      0.96      0.94       958
           7       0.96      0.97      0.97      1028
           8       0.90      0.98      0.94       974
           9       0.93      0.91      0.92      1009

    accuracy                           0.94     10000
   macro avg       0.94      0.94      0.94     10000
weighted avg       0.95      0.94      0.94     10000
